0.18919584001008055	-0.355170711341198	0.42015685431332206	0.39484910172627286	1
0.06843253787598698	-0.12454037930145893	0.7602118623007228	0.787951083533403	2
-0.29385736852629585	-0.5858010433809369	0.6468601929715896	1.050019071404823	2
-0.1730940663922012	-0.5858010433809369	0.1934535156550546	0.1327811138548529	1
0.5514857464123624	0.5673506168177571	1.2702943742818245	1.7051890410833732	2
2.242171976289679	-0.12454037930145893	1.326970208946391	1.443121053211953	2
0.3099591421441741	-0.12454037930145893	0.4768326889778887	0.2638151077905627	1
-0.1730940663922012	-1.277692039500153	0.7035360276361562	1.050019071404823	2
1.6383554656192088	-0.12454037930145893	1.1569427049526908	0.525883095661983	2
-1.380727087733141	0.336720284778019	-1.223442350959116	-1.3085928194379575	0
2.4836985805578666	1.720502277016451	1.496997712940092	1.050019071404823	2
-0.41462067066038943	1.028611280897235	-1.3934698549528162	-1.3085928194379575	0
-1.6222536920013293	-1.7389527035796308	-1.3934698549528162	-1.1775588255022473	0
1.0345389549487387	-1.277692039500153	1.1569427049526908	0.787951083533403	2
0.7930123506805505	-0.12454037930145893	0.81688769696529	1.050019071404823	2
-0.5353839727944829	1.95113260905619	-1.3934698549528162	-1.0465248315665374	0
-1.0184371813308593	1.028611280897235	-1.3934698549528162	-1.1775588255022473	0
-0.1730940663922012	-0.12454037930145893	0.2501293503196217	0.0017471199191427449	1
-0.41462067066038943	2.6430236051754075	-1.3367940202882496	-1.3085928194379575	0
0.3099591421441741	-0.5858010433809369	0.13677768099048795	0.1327811138548529	1
0.3099591421441741	-0.355170711341198	0.5335085236424558	0.2638151077905627	1
-0.052330764258107655	-0.8164313754206749	0.1934535156550546	-0.26032086795227727	1
0.672249048546457	-0.5858010433809369	1.043591035623557	1.3120870592762433	2
-0.1730940663922012	-1.0470617074604138	-0.14660149233234618	-0.26032086795227727	1
0.3099591421441741	-1.0470617074604138	1.043591035623557	0.2638151077905627	2
1.0345389549487387	-0.12454037930145893	0.81688769696529	1.443121053211953	2
0.7930123506805505	0.336720284778019	0.7602118623007228	1.050019071404823	2
0.672249048546457	0.10608995273828006	0.9869152009589903	0.787951083533403	2
-1.743016994135423	0.336720284778019	-1.3934698549528162	-1.3085928194379575	0
-1.0184371813308593	0.5673506168177571	-1.3367940202882496	-1.3085928194379575	0
0.7930123506805505	-0.12454037930145893	0.9869152009589903	0.787951083533403	2
0.06843253787598698	-0.12454037930145893	0.2501293503196217	0.39484910172627286	1
-0.29385736852629585	-0.355170711341198	-0.08992565766777931	0.1327811138548529	1
0.672249048546457	-0.8164313754206749	0.8735635316298566	0.9189850774691128	2
-0.5353839727944829	0.797980948857496	-1.2801181856236827	-1.0465248315665374	0
0.18919584001008055	-1.9695830356193689	0.7035360276361562	0.39484910172627286	2
0.18919584001008055	-1.9695830356193689	0.13677768099048795	-0.26032086795227727	1
0.4307224442782687	0.797980948857496	0.9302393662944237	1.443121053211953	2
-1.0184371813308593	1.028611280897235	-1.223442350959116	-0.7844568436951174	0
-0.1730940663922012	1.720502277016451	-1.1667665162945493	-1.1775588255022473	0
0.18919584001008055	0.797980948857496	0.42015685431332206	0.525883095661983	1
-0.29385736852629585	-0.12454037930145893	0.42015685431332206	0.39484910172627286	1
-0.052330764258107655	-0.8164313754206749	0.7602118623007228	0.9189850774691128	2
-1.2599637855990475	0.10608995273828006	-1.223442350959116	-1.3085928194379575	0
-0.8976738791967658	1.720502277016451	-1.0534148469654154	-1.0465248315665374	0
-0.41462067066038943	-1.7389527035796308	0.13677768099048795	0.1327811138548529	1
-1.5014903898672358	0.10608995273828006	-1.2801181856236827	-1.3085928194379575	0
0.5514857464123624	-0.8164313754206749	0.6468601929715896	0.787951083533403	2
1.5175921634851142	-0.12454037930145893	1.2136185396172579	1.1810530653405331	2
-1.2599637855990475	0.797980948857496	-1.0534148469654154	-1.3085928194379575	0
-0.29385736852629585	-0.12454037930145893	0.1934535156550546	0.1327811138548529	1
-0.052330764258107655	-0.5858010433809369	0.7602118623007228	1.574155047147663	2
-0.8976738791967658	0.797980948857496	-1.2801181856236827	-1.3085928194379575	0
1.6383554656192088	0.336720284778019	1.2702943742818245	0.787951083533403	2
0.5514857464123624	0.797980948857496	1.043591035623557	1.574155047147663	2
-1.2599637855990475	0.797980948857496	-1.223442350959116	-1.3085928194379575	0
1.3968288613510205	0.336720284778019	0.5335085236424558	0.2638151077905627	1
0.672249048546457	0.336720284778019	0.8735635316298566	1.443121053211953	2
-1.139200483464953	-0.12454037930145893	-1.3367940202882496	-1.3085928194379575	0
-0.8976738791967658	1.720502277016451	-1.2801181856236827	-1.1775588255022473	0
-1.0184371813308593	0.336720284778019	-1.4501456896173834	-1.3085928194379575	0
-1.5014903898672358	0.336720284778019	-1.3367940202882496	-1.3085928194379575	0
0.4307224442782687	-1.9695830356193689	0.42015685431332206	0.39484910172627286	1
-0.5353839727944829	0.797980948857496	-1.1667665162945493	-1.3085928194379575	0
0.672249048546457	-0.355170711341198	0.30680518498418835	0.1327811138548529	1
0.5514857464123624	-0.355170711341198	1.043591035623557	0.787951083533403	2
-0.8976738791967658	1.489871944976713	-1.2801181856236827	-1.0465248315665374	0
-1.380727087733141	0.336720284778019	-1.3934698549528162	-1.3085928194379575	0
1.1553022570828322	-0.12454037930145893	0.9869152009589903	1.1810530653405331	2
-1.139200483464953	-1.277692039500153	0.42015685431332206	0.6569170895976929	2
1.7591187677533022	-0.355170711341198	1.440321878275525	0.787951083533403	2
0.4307224442782687	-0.5858010433809369	0.5901843583070224	0.787951083533403	2
-1.0184371813308593	-1.7389527035796308	-0.2599531616614799	-0.26032086795227727	1
1.0345389549487387	0.5673506168177571	1.1002668702881242	1.1810530653405331	2
1.8798820698873968	-0.5858010433809369	1.326970208946391	0.9189850774691128	2
-0.41462067066038943	-1.0470617074604138	0.36348101964875545	0.0017471199191427449	1
-0.8976738791967658	1.028611280897235	-1.3367940202882496	-1.1775588255022473	0
-1.139200483464953	0.10608995273828006	-1.2801181856236827	-1.4396268133736674	0
2.121408674155584	-0.12454037930145893	1.6103493822692252	1.1810530653405331	2
1.2760655592169268	0.10608995273828006	0.6468601929715896	0.39484910172627286	1
-0.5353839727944829	1.489871944976713	-1.2801181856236827	-1.3085928194379575	0
1.2760655592169268	0.10608995273828006	0.7602118623007228	1.443121053211953	2
1.2760655592169268	0.10608995273828006	0.9302393662944237	1.1810530653405331	2
-0.7769105770626712	1.028611280897235	-1.2801181856236827	-1.3085928194379575	0
-0.1730940663922012	-0.355170711341198	0.2501293503196217	0.1327811138548529	1
-0.7769105770626712	-0.8164313754206749	0.08010184632592107	0.2638151077905627	1
-0.41462067066038943	-1.508322371539892	-0.033249823003212435	-0.26032086795227727	1
1.2760655592169268	0.336720284778019	1.1002668702881242	1.443121053211953	2
2.242171976289679	1.720502277016451	1.6670252169337925	1.3120870592762433	2
0.3099591421441741	-0.5858010433809369	0.5335085236424558	0.0017471199191427449	1
1.0345389549487387	-0.12454037930145893	0.7035360276361562	0.6569170895976929	1
-1.139200483464953	0.10608995273828006	-1.2801181856236827	-1.4396268133736674	0
-0.7769105770626712	2.412393273135667	-1.2801181856236827	-1.4396268133736674	0
-1.2599637855990475	-0.12454037930145893	-1.3367940202882496	-1.1775588255022473	0
-0.41462067066038943	-1.508322371539892	0.023426011661354194	-0.12928687401656708	1
1.6383554656192088	1.2592416129369741	1.326970208946391	1.7051890410833732	2
-1.743016994135423	-0.355170711341198	-1.3367940202882496	-1.3085928194379575	0
-0.8976738791967658	1.720502277016451	-1.223442350959116	-1.3085928194379575	0
-0.1730940663922012	3.1042842692548853	-1.2801181856236827	-1.0465248315665374	0
-1.0184371813308593	1.2592416129369741	-1.3367940202882496	-1.3085928194379575	0
-1.8637802962695176	-0.12454037930145893	-1.50682152428195	-1.4396268133736674	0
-0.5353839727944829	-0.12454037930145893	0.42015685431332206	0.39484910172627286	1
0.5514857464123624	0.5673506168177571	0.5335085236424558	0.525883095661983	1
0.5514857464123624	-1.277692039500153	0.6468601929715896	0.39484910172627286	1
0.06843253787598698	0.336720284778019	0.5901843583070224	0.787951083533403	1
1.1553022570828322	0.336720284778019	1.2136185396172579	1.443121053211953	2
0.5514857464123624	-1.7389527035796308	0.36348101964875545	0.1327811138548529	1
1.1553022570828322	-0.5858010433809369	0.5901843583070224	0.2638151077905627	1
2.242171976289679	-1.0470617074604138	1.7803768862629261	1.443121053211953	2
-0.41462067066038943	-1.277692039500153	0.13677768099048795	0.1327811138548529	1
0.5514857464123624	-1.277692039500153	0.7035360276361562	0.9189850774691128	2
0.4307224442782687	-0.355170711341198	0.30680518498418835	0.1327811138548529	1
-1.139200483464953	-1.508322371539892	-0.2599531616614799	-0.26032086795227727	1
0.672249048546457	-0.5858010433809369	1.043591035623557	1.1810530653405331	2
-0.8976738791967658	0.5673506168177571	-1.1667665162945493	-0.9154908376308274	0
1.0345389549487387	0.10608995273828006	1.043591035623557	1.574155047147663	2
-1.2599637855990475	-0.12454037930145893	-1.3367940202882496	-1.4396268133736674	0
0.7930123506805505	-0.5858010433809369	0.4768326889778887	0.39484910172627286	1
-1.5014903898672358	0.797980948857496	-1.3367940202882496	-1.1775588255022473	0
0.9137756528146441	-0.12454037930145893	0.36348101964875545	0.2638151077905627	1
-0.8976738791967658	1.028611280897235	-1.3367940202882496	-1.3085928194379575	0
-0.5353839727944829	1.95113260905619	-1.1667665162945493	-1.0465248315665374	0
-0.1730940663922012	-0.5858010433809369	0.42015685431332206	0.1327811138548529	1
0.18919584001008055	-0.12454037930145893	0.5901843583070224	0.787951083533403	2
-1.0184371813308593	0.797980948857496	-1.2801181856236827	-1.3085928194379575	0
-1.0184371813308593	-0.12454037930145893	-1.223442350959116	-1.3085928194379575	0
1.0345389549487387	0.10608995273828006	0.36348101964875545	0.2638151077905627	1
-1.5014903898672358	1.2592416129369741	-1.5634973589465169	-1.3085928194379575	0
-1.0184371813308593	-2.4308436996988467	-0.14660149233234618	-0.26032086795227727	1
-0.29385736852629585	-1.277692039500153	0.08010184632592107	-0.12928687401656708	1
2.242171976289679	-0.5858010433809369	1.6670252169337925	1.050019071404823	2
-0.6561472749285775	1.489871944976713	-1.2801181856236827	-1.3085928194379575	0
-0.052330764258107655	-1.0470617074604138	0.13677768099048795	0.0017471199191427449	1
-1.139200483464953	0.10608995273828006	-1.2801181856236827	-1.4396268133736674	0
-0.29385736852629585	-0.8164313754206749	0.2501293503196217	0.1327811138548529	1
0.3099591421441741	-0.12454037930145893	0.6468601929715896	0.787951083533403	2
-0.7769105770626712	0.797980948857496	-1.3367940202882496	-1.3085928194379575	0
0.7930123506805505	-0.12454037930145893	1.1569427049526908	1.3120870592762433	2
-0.052330764258107655	2.181762941095929	-1.4501456896173834	-1.3085928194379575	0
0.18919584001008055	-0.8164313754206749	0.7602118623007228	0.525883095661983	1
0.9137756528146441	-0.355170711341198	0.4768326889778887	0.1327811138548529	1
-1.0184371813308593	0.797980948857496	-1.223442350959116	-1.0465248315665374	0
1.0345389549487387	0.5673506168177571	1.1002668702881242	1.7051890410833732	2
-0.8976738791967658	-1.277692039500153	-0.42998066565518034	-0.12928687401656708	1
1.0345389549487387	0.10608995273828006	0.5335085236424558	0.39484910172627286	1
0.5514857464123624	-0.5858010433809369	0.7602118623007228	0.39484910172627286	2
-0.052330764258107655	-0.8164313754206749	0.08010184632592107	0.0017471199191427449	1
0.672249048546457	0.336720284778019	0.42015685431332206	0.39484910172627286	1
-1.743016994135423	-0.12454037930145893	-1.3934698549528162	-1.3085928194379575	0
-0.052330764258107655	-0.8164313754206749	0.7602118623007228	0.9189850774691128	2
